22120001
123
22120002
124
22120003
125
22120004
126
22120005
127
22120006
128
22120007
129
22120008
130
22120009
131
22120010
132
22120011
133
22120012
134
22120013
135
22120014
136
22120015
137
22120016
138
22120017
139
22120018
140
22120019
141
22120020
142
22110001
143
22110002
144
22110003
145
22110004
146
22110005
147
22110006
148
22110007
149
22110008
150
22110009
151
22110010
152
22110011
153
22110012
154
22110013
155
22110014
156
22110015
157
22110016
158
22110017
159
22110018
160
22110019
161
22110020
162
